Starting Listening.
start freq: 1950
end freq: 2050
bandwidth: 30
center_freq_khz: 2000
span_khz: 100
0	2.54268e+06
1	2.52113e+06
2	2.47326e+06
3	2.40011e+06
4	2.30325e+06
5	2.18473e+06
6	2.04706e+06
7	1.89314e+06
8	1.72622e+06
9	1.54981e+06
10	1.36763e+06
11	1.18355e+06
12	1.00149e+06
13	825347
14	658952
15	505962
16	369810
17	253635
18	160224
19	91959
20	50771.2
21	38105.1
22	54889
23	101515
24	177832
25	283138
26	416196
27	575251
28	758052
29	961893
30	1.18365e+06
31	1.41985e+06
32	1.6667e+06
33	1.92016e+06
34	2.17604e+06
35	2.43002e+06
36	2.67777e+06
37	2.915e+06
38	3.13754e+06
39	3.3414e+06
40	3.52289e+06
41	3.67864e+06
42	3.80567e+06
43	3.90149e+06
44	3.9641e+06
45	3.99205e+06
46	3.98452e+06
47	3.94127e+06
48	3.86273e+06
49	3.74995e+06
50	3.60464e+06
51	3.42911e+06
52	3.2263e+06
53	2.99968e+06
54	2.75324e+06
55	2.49144e+06
56	2.2191e+06
57	1.94136e+06
58	1.66358e+06
59	1.39126e+06
60	1.12993e+06
61	885067
62	661966
63	465674
64	300871
65	171776
66	82056.4
67	34748.9
68	32181.2
69	75909.7
70	166668
71	304328
72	487878
73	715414
74	984149
75	1.29043e+06
76	1.62981e+06
77	1.99705e+06
78	2.38625e+06
79	2.7909e+06
80	3.20403e+06
81	3.61826e+06
82	4.02598e+06
83	4.41947e+06
84	4.79105e+06
85	5.1332e+06
86	5.43876e+06
87	5.70104e+06
88	5.91398e+06
89	6.07229e+06
90	6.17162e+06
91	6.20859e+06
92	6.18103e+06
93	6.08795e+06
94	5.92972e+06
95	5.70806e+06
96	5.42611e+06
97	5.08847e+06
98	4.70116e+06
99	4.27161e+06
Starting Listening.
start freq: 2150
end freq: 2250
bandwidth: 30
center_freq_khz: 2200
span_khz: 100
0	864814
1	859919
2	848140
3	829670
4	804806
5	773946
6	737582
7	696293
8	650735
9	601633
10	549769
11	495972
12	441105
13	386049
14	331698
15	278936
16	228632
17	181623
18	138700
19	100601
20	67994.2
21	41471.3
22	21535.2
23	8592.27
24	2945.13
25	4786.07
26	14192.5
27	31123.3
28	55417.7
29	86794.3
30	124854
31	169080
32	218849
33	273430
34	332001
35	393652
36	457402
37	522211
38	586992
39	650635
40	712015
41	770019
42	823559
43	871598
44	913162
45	947372
46	973450
47	990749
48	998766
49	997157
50	985755
51	964580
52	933846
53	893975
54	845588
55	789516
56	726789
57	658626
58	586428
59	511756
60	436312
61	361913
62	290463
63	223920
64	164261
65	113446
66	73374.4
67	45849.1
68	32531.8
69	34903.2
70	54223.6
71	91494.4
72	147424
73	222395
74	316442
75	429223
76	560011
77	707684
78	870722
79	1.04722e+06
80	1.23488e+06
81	1.43109e+06
82	1.63288e+06
83	1.83701e+06
84	2.04003e+06
85	2.2383e+06
86	2.42805e+06
87	2.60549e+06
88	2.76685e+06
89	2.90848e+06
90	3.02691e+06
91	3.11895e+06
92	3.18178e+06
93	3.21301e+06
94	3.21081e+06
95	3.17393e+06
96	3.10182e+06
97	2.99469e+06
98	2.85355e+06
99	2.68029e+06
Starting Listening.
start freq: 2350
end freq: 2450
bandwidth: 30
center_freq_khz: 2400
span_khz: 100
0	178.42
1	2504.52
2	11027.4
3	25522.9
4	45615.8
5	70788.7
6	100395
7	133677
8	169779
9	207777
10	246695
11	285531
12	323285
13	358982
14	391696
15	420578
16	444875
17	463950
18	477304
19	484583
20	485599
21	480328
22	468919
23	451692
24	429132
25	401882
26	370728
27	336584
28	300470
29	263491
30	226812
31	191626
32	159132
33	130498
34	106837
35	89175.7
36	78427.9
37	75367.6
38	80606.8
39	94575.7
40	117507
41	149424
42	190134
43	239225
44	296070
45	359835
46	429493
47	503839
48	581517
49	661047
50	740852
51	819299
52	894730
53	965503
54	1.03003e+06
55	1.08684e+06
56	1.13455e+06
57	1.172e+06
58	1.19822e+06
59	1.21246e+06
60	1.21425e+06
61	1.20342e+06
62	1.18008e+06
63	1.14468e+06
64	1.09796e+06
65	1.04099e+06
66	975127
67	902026
68	823587
69	741936
70	659382
71	578375
72	501447
73	431168
74	370080
75	320640
76	285158
77	265739
78	264220
79	282117
80	320573
81	380312
82	461602
83	564222
84	687444
85	830021
86	990187
87	1.16567e+06
88	1.35371e+06
89	1.5511e+06
90	1.75423e+06
91	1.95917e+06
92	2.16169e+06
93	2.35739e+06
94	2.54175e+06
95	2.71028e+06
96	2.85856e+06
97	2.9824e+06
98	3.07795e+06
99	3.14177e+06
Starting Listening.
start freq: 2550
end freq: 2650
bandwidth: 30
center_freq_khz: 2600
span_khz: 100
0	4.68779e+06
1	4.6671e+06
2	4.60462e+06
3	4.50149e+06
4	4.35955e+06
5	4.18139e+06
6	3.97022e+06
7	3.72989e+06
8	3.46476e+06
9	3.17966e+06
10	2.87978e+06
11	2.5706e+06
12	2.25776e+06
13	1.94699e+06
14	1.64396e+06
15	1.35424e+06
16	1.08314e+06
17	835642
18	616310
19	429185
20	277726
21	164738
22	92322.9
23	61832.9
24	73847.6
25	128158
26	223770
27	358916
28	531086
29	737072
30	973022
31	1.23451e+06
32	1.51662e+06
33	1.81401e+06
34	2.12106e+06
35	2.43191e+06
36	2.74063e+06
37	3.04128e+06
38	3.32805e+06
39	3.59536e+06
40	3.83798e+06
41	4.05111e+06
42	4.23049e+06
43	4.37246e+06
44	4.47409e+06
45	4.53318e+06
46	4.54834e+06
47	4.51904e+06
48	4.44559e+06
49	4.32919e+06
50	4.1719e+06
51	3.97659e+06
52	3.74695e+06
53	3.48739e+06
54	3.20298e+06
55	2.89938e+06
56	2.58274e+06
57	2.25958e+06
58	1.9367e+06
59	1.62101e+06
60	1.31949e+06
61	1.03897e+06
62	786059
63	567004
64	387559
65	252879
66	167405
67	134773
68	157723
69	238032
70	376458
71	572698
72	825371
73	1.13202e+06
74	1.4891e+06
75	1.89208e+06
76	2.33541e+06
77	2.81266e+06
78	3.3166e+06
79	3.83929e+06
80	4.3722e+06
81	4.90637e+06
82	5.43255e+06
83	5.94136e+06
84	6.42344e+06
85	6.86964e+06
86	7.2712e+06
87	7.61987e+06
88	7.90816e+06
89	8.12943e+06
90	8.2781e+06
91	8.34976e+06
92	8.34131e+06
93	8.25106e+06
94	8.07886e+06
95	7.82615e+06
96	7.496e+06
97	7.09317e+06
98	6.6241e+06
99	6.0969e+06
Starting Listening.
start freq: 2750
end freq: 2850
bandwidth: 30
center_freq_khz: 2800
span_khz: 100
0	1006.62
1	928.927
2	1395.53
3	2379.92
4	3833.19
5	5686.34
6	7853.62
7	10236.6
8	12729
9	15221.7
10	17608.5
11	19791.9
12	21688.5
13	23234.4
14	24389.8
15	25143.9
16	25517.2
17	25564.8
18	25376.9
19	25079.4
20	24832.1
21	24826.8
22	25282.6
23	26441.9
24	28563.2
25	31914.6
26	36765.4
27	43377.5
28	51996.3
29	62841
30	76095.9
31	91900.8
32	110343
33	131451
34	155184
35	181433
36	210014
37	240664
38	273049
39	306756
40	341309
41	376167
42	410736
43	444380
44	476434
45	506218
46	533052
47	556275
48	575260
49	589434
50	598295
51	601430
52	598533
53	589418
54	574033
55	552472
56	524984
57	491976
58	454019
59	411842
60	366331
61	318516
62	269561
63	220744
64	173438
65	129086
66	89172.3
67	55192.3
68	28619.7
69	10871.6
70	3272.29
71	7017.04
72	23136.4
73	52461.1
74	95590.1
75	152860
76	224320
77	309710
78	408444
79	519603
80	641928
81	773828
82	913388
83	1.05839e+06
84	1.20636e+06
85	1.35455e+06
86	1.50006e+06
87	1.63983e+06
88	1.77072e+06
89	1.88959e+06
90	1.99335e+06
91	2.07905e+06
92	2.14395e+06
93	2.18565e+06
94	2.2021e+06
95	2.19175e+06
96	2.15359e+06
97	2.08727e+06
98	1.99315e+06
99	1.87237e+06
Starting Listening.
start freq: 2950
end freq: 3050
bandwidth: 30
center_freq_khz: 3000
span_khz: 100
0	3.80369e+06
1	3.79095e+06
2	3.74749e+06
3	3.67401e+06
4	3.57171e+06
5	3.44228e+06
6	3.28783e+06
7	3.11091e+06
8	2.91442e+06
9	2.70157e+06
10	2.47586e+06
11	2.24098e+06
12	2.00077e+06
13	1.75914e+06
14	1.52001e+06
15	1.28727e+06
16	1.06466e+06
17	855745
18	663847
19	491980
20	342805
21	218577
22	121114
23	51757.3
24	11349.8
25	222.202
26	18184.2
27	64527.4
28	138036
29	237008
30	359281
31	502273
32	663025
33	838250
34	1.0244e+06
35	1.2177e+06
36	1.41428e+06
37	1.61015e+06
38	1.80136e+06
39	1.98403e+06
40	2.15442e+06
41	2.30901e+06
42	2.44458e+06
43	2.55825e+06
44	2.64755e+06
45	2.71048e+06
46	2.74554e+06
47	2.75176e+06
48	2.72876e+06
49	2.67674e+06
50	2.59649e+06
51	2.48941e+06
52	2.35745e+06
53	2.20315e+06
54	2.02957e+06
55	1.84024e+06
56	1.63912e+06
57	1.43056e+06
58	1.21918e+06
59	1.00986e+06
60	807602
61	617480
62	444537
63	293701
64	169693
65	76940.9
66	19488.7
67	919.92
68	24278.8
69	92001.8
70	205857
71	366892
72	575394
73	830860
74	1.13198e+06
75	1.47662e+06
76	1.86186e+06
77	2.28398e+06
78	2.73854e+06
79	3.22035e+06
80	3.72364e+06
81	4.24203e+06
82	4.76869e+06
83	5.29638e+06
84	5.81758e+06
85	6.32462e+06
86	6.80977e+06
87	7.26534e+06
88	7.68389e+06
89	8.05827e+06
90	8.38179e+06
91	8.64835e+06
92	8.85253e+06
93	8.98973e+06
94	9.05629e+06
95	9.04954e+06
96	8.96794e+06
97	8.81112e+06
98	8.57993e+06
99	8.27654e+06
Starting Listening.
start freq: 3150
end freq: 3250
bandwidth: 30
center_freq_khz: 3200
span_khz: 100
0	313255
1	312312
2	307128
3	297832
4	284658
5	267938
6	248100
7	225658
8	201205
9	175398
10	148949
11	122612
12	97167.4
13	73406.3
14	52117.2
15	34069.2
16	19996.4
17	10583
18	6448.44
19	8133.48
20	16087.8
21	30658.3
22	52079.6
23	80465.5
24	115804
25	157951
26	206631
27	261438
28	321834
29	387160
30	456641
31	529396
32	604448
33	680745
34	757168
35	832556
36	905720
37	975465
38	1.04061e+06
39	1.10002e+06
40	1.15262e+06
41	1.19739e+06
42	1.23345e+06
43	1.26001e+06
44	1.27644e+06
45	1.28227e+06
46	1.27719e+06
47	1.26108e+06
48	1.23401e+06
49	1.19626e+06
50	1.1483e+06
51	1.09083e+06
52	1.02473e+06
53	951067
54	871108
55	786277
56	698147
57	608421
58	518901
59	431464
60	348030
61	270532
62	200878
63	140918
64	92408.6
65	56976.4
66	36082.1
67	30987.8
68	42723.9
69	72060.4
70	119480
71	185157
72	268938
73	370327
74	488482
75	622211
76	769975
77	929901
78	1.0998e+06
79	1.27718e+06
80	1.45931e+06
81	1.6432e+06
82	1.82571e+06
83	2.00355e+06
84	2.17336e+06
85	2.33176e+06
86	2.47542e+06
87	2.60112e+06
88	2.70583e+06
89	2.78678e+06
90	2.84151e+06
91	2.868e+06
92	2.86465e+06
93	2.83044e+06
94	2.76494e+06
95	2.66836e+06
96	2.54165e+06
97	2.38651e+06
98	2.20541e+06
99	2.00168e+06
Starting Listening.
start freq: 3350
end freq: 3450
bandwidth: 30
center_freq_khz: 3400
span_khz: 100
0	14093.9
1	14194.1
2	15027
3	16554.4
4	18706.5
5	21385.2
6	24467.3
7	27809.8
8	31255.9
9	34640.8
10	37799.1
11	40572.1
12	42814.6
13	44402.3
14	45238.5
15	45259.6
16	44440.5
17	42798.4
18	40395.5
19	37340.5
20	33787.9
21	29936.7
22	26027
23	22334.8
24	19165.9
25	16848.2
26	15722.5
27	16132.9
28	18416
29	22889.8
30	29842.4
31	39520.7
32	52120
33	67773.7
34	86544.8
35	108419
36	133297
37	160993
38	191235
39	223658
40	257817
41	293187
42	329170
43	365111
44	400307
45	434025
46	465514
47	494028
48	518846
49	539288
50	554737
51	564663
52	568637
53	566350
54	557634
55	542468
56	520996
57	493533
58	460565
59	422755
60	380936
61	336105
62	289408
63	242122
64	195640
65	151439
66	111055
67	76050.5
68	47979.5
69	28350.8
70	18590.2
71	20002.1
72	33731.1
73	60724.6
74	101698
75	157102
76	227096
77	311520
78	409882
79	521342
80	644710
81	778445
82	920668
83	1.06918e+06
84	1.2215e+06
85	1.37486e+06
86	1.52632e+06
87	1.67276e+06
88	1.81096e+06
89	1.93766e+06
90	2.04967e+06
91	2.14389e+06
92	2.21743e+06
93	2.2677e+06
94	2.29248e+06
95	2.29002e+06
96	2.2591e+06
97	2.19915e+06
98	2.11031e+06
99	1.99351e+06
Starting Listening.
start freq: 3550
end freq: 3650
bandwidth: 30
center_freq_khz: 3600
span_khz: 100
0	520133
1	516403
2	507531
3	493689
4	475137
5	452225
6	425385
7	395124
8	362021
9	326716
10	289899
11	252308
12	214709
13	177891
14	142653
15	109792
16	80088.6
17	54297.1
18	33131.6
19	17253.9
20	7260.95
21	3673.72
22	6925.82
23	17353.6
24	35186.9
25	60541.7
26	93413.1
27	133671
28	181058
29	235186
30	295540
31	361479
32	432243
33	506961
34	584657
35	664269
36	744657
37	824623
38	902927
39	978308
40	1.04951e+06
41	1.11528e+06
42	1.17444e+06
43	1.22585e+06
44	1.26849e+06
45	1.30143e+06
46	1.32388e+06
47	1.33523e+06
48	1.33501e+06
49	1.32297e+06
50	1.29904e+06
51	1.26341e+06
52	1.21644e+06
53	1.15875e+06
54	1.09119e+06
55	1.01483e+06
56	930936
57	841007
58	746708
59	649872
60	552471
61	456587
62	364374
63	278028
64	199747
65	131686
66	75922
67	34404.7
68	8917.65
69	1035.05
70	12081.6
71	43095
72	94790.9
73	167533
74	261307
75	375702
76	509895
77	662646
78	832295
79	1.01678e+06
80	1.21364e+06
81	1.42005e+06
82	1.63285e+06
83	1.84861e+06
84	2.06362e+06
85	2.27402e+06
86	2.47582e+06
87	2.66498e+06
88	2.8375e+06
89	2.9895e+06
90	3.11728e+06
91	3.21744e+06
92	3.28695e+06
93	3.32327e+06
94	3.32439e+06
95	3.28895e+06
96	3.21631e+06
97	3.10662e+06
98	2.96091e+06
99	2.7811e+06
Starting Listening.
start freq: 3750
end freq: 3850
bandwidth: 30
center_freq_khz: 3800
span_khz: 100
0	1.05622e+06
1	1.05289e+06
2	1.03692e+06
3	1.00869e+06
4	968826
5	918254
6	858136
7	789870
8	715057
9	635467
10	553006
11	469676
12	387532
13	308642
14	235044
15	168703
16	111464
17	65021
18	30870.9
19	10284.5
20	4274.84
21	13572.2
22	38604.4
23	79482.1
24	135992
25	207593
26	293423
27	392309
28	502786
29	623119
30	751332
31	885245
32	1.02251e+06
33	1.16066e+06
34	1.29715e+06
35	1.4294e+06
36	1.55487e+06
37	1.67108e+06
38	1.77568e+06
39	1.8665e+06
40	1.94157e+06
41	1.99922e+06
42	2.03806e+06
43	2.05706e+06
44	2.05554e+06
45	2.03324e+06
46	1.99029e+06
47	1.92726e+06
48	1.84512e+06
49	1.74528e+06
50	1.62955e+06
51	1.50011e+06
52	1.35951e+06
53	1.2106e+06
54	1.05652e+06
55	900630
56	746456
57	597642
58	457880
59	330845
60	220128
61	129167
62	61179.8
63	19100.5
64	5513.57
65	22596.1
66	72064
67	155124
68	272435
69	424071
70	609503
71	827581
72	1.07653e+06
73	1.35397e+06
74	1.6569e+06
75	1.98176e+06
76	2.32446e+06
77	2.68042e+06
78	3.04465e+06
79	3.41179e+06
80	3.7762e+06
81	4.13208e+06
82	4.47351e+06
83	4.79458e+06
84	5.08948e+06
85	5.35262e+06
86	5.57873e+06
87	5.76296e+06
88	5.90102e+06
89	5.98922e+06
90	6.02464e+06
91	6.00518e+06
92	5.92965e+06
93	5.79782e+06
94	5.61056e+06
95	5.36978e+06
96	5.07857e+06
97	4.74115e+06
98	4.36291e+06
99	3.95037e+06
Starting Listening.
start freq: 3950
end freq: 4050
bandwidth: 30
center_freq_khz: 4000
span_khz: 100
0	2.71915e+06
1	2.71362e+06
2	2.68869e+06
3	2.64469e+06
4	2.58229e+06
5	2.50242e+06
6	2.40626e+06
7	2.29527e+06
8	2.17112e+06
9	2.03568e+06
10	1.89101e+06
11	1.73932e+06
12	1.58291e+06
13	1.4242e+06
14	1.26563e+06
15	1.10966e+06
16	958714
17	815169
18	681294
19	559224
20	450929
21	358178
22	282517
23	225237
24	187353
25	169590
26	172366
27	195780
28	239611
29	303316
30	386036
31	486601
32	603550
33	735147
34	879405
35	1.03411e+06
36	1.19687e+06
37	1.36512e+06
38	1.53619e+06
39	1.70731e+06
40	1.87571e+06
41	2.0386e+06
42	2.19326e+06
43	2.33707e+06
44	2.46753e+06
45	2.58235e+06
46	2.67945e+06
47	2.75703e+06
48	2.81358e+06
49	2.84791e+06
50	2.85919e+06
51	2.84697e+06
52	2.81118e+06
53	2.75216e+06
54	2.67065e+06
55	2.56778e+06
56	2.44508e+06
57	2.30443e+06
58	2.14809e+06
59	1.97861e+06
60	1.79884e+06
61	1.61187e+06
62	1.42098e+06
63	1.22959e+06
64	1.04122e+06
65	859428
66	687732
67	529567
68	388221
69	266768
70	168017
71	94449.2
72	48169.3
73	30856.2
74	43721.2
75	87472.4
76	162286
77	267788
78	403041
79	566540
80	756225
81	969495
82	1.20324e+06
83	1.45386e+06
84	1.71734e+06
85	1.98929e+06
86	2.26501e+06
87	2.53958e+06
88	2.80789e+06
89	3.0648e+06
90	3.30518e+06
91	3.52403e+06
92	3.71658e+06
93	3.87835e+06
94	4.00533e+06
95	4.094e+06
96	4.14146e+06
97	4.14555e+06
98	4.10486e+06
99	4.0189e+06
Starting Listening.
start freq: 4150
end freq: 4250
bandwidth: 30
center_freq_khz: 4200
span_khz: 100
0	4.78083e+06
1	4.7625e+06
2	4.70448e+06
3	4.60773e+06
4	4.47386e+06
5	4.30508e+06
6	4.10422e+06
7	3.87461e+06
8	3.6201e+06
9	3.34494e+06
10	3.05372e+06
11	2.75134e+06
12	2.44287e+06
13	2.13348e+06
14	1.82839e+06
15	1.53273e+06
16	1.25151e+06
17	989468
18	751062
19	540346
20	360918
21	215855
22	107665
23	38235.6
24	8807.86
25	19948.3
26	71539.3
27	162779
28	292191
29	457648
30	656406
31	885146
32	1.14003e+06
33	1.41676e+06
34	1.71066e+06
35	2.01673e+06
36	2.32976e+06
37	2.64439e+06
38	2.95522e+06
39	3.25689e+06
40	3.54416e+06
41	3.81205e+06
42	4.05585e+06
43	4.27126e+06
44	4.45446e+06
45	4.60215e+06
46	4.71163e+06
47	4.78086e+06
48	4.80846e+06
49	4.79379e+06
50	4.73693e+06
51	4.63872e+06
52	4.50069e+06
53	4.32512e+06
54	4.11495e+06
55	3.87376e+06
56	3.60571e+06
57	3.31547e+06
58	3.00816e+06
59	2.68925e+06
60	2.3645e+06
61	2.03981e+06
62	1.72119e+06
63	1.41459e+06
64	1.12587e+06
65	860607
66	624088
67	421155
68	256132
69	132746
70	54048.3
71	22350.1
72	39172.7
73	105205
74	220276
75	383344
76	592493
77	844954
78	1.13713e+06
79	1.46464e+06
80	1.82239e+06
81	2.20463e+06
82	2.60505e+06
83	3.01687e+06
84	3.43295e+06
85	3.84591e+06
86	4.24824e+06
87	4.63246e+06
88	4.99122e+06
89	5.31744e+06
90	5.60446e+06
91	5.84617e+06
92	6.03713e+06
93	6.17269e+06
94	6.24912e+06
95	6.2637e+06
96	6.2148e+06
97	6.10199e+06
98	5.92608e+06
99	5.68917e+06
Starting Listening.
start freq: 4350
end freq: 4450
bandwidth: 30
center_freq_khz: 4400
span_khz: 100
0	491689
1	487764
2	479398
3	466761
4	450105
5	429763
6	406140
7	379714
8	351023
9	320666
10	289288
11	257577
12	226254
13	196062
14	167757
15	142098
16	119835
17	101699
18	88390.6
19	80566.6
20	78831.3
21	83723.6
22	95706.7
23	115158
24	142358
25	177483
26	220597
27	271645
28	330447
29	396695
30	469951
31	549648
32	635089
33	725457
34	819816
35	917120
36	1.01623e+06
37	1.11592e+06
38	1.21489e+06
39	1.3118e+06
40	1.40527e+06
41	1.49393e+06
42	1.57638e+06
43	1.6513e+06
44	1.71742e+06
45	1.77353e+06
46	1.81856e+06
47	1.85157e+06
48	1.87177e+06
49	1.87856e+06
50	1.87154e+06
51	1.85052e+06
52	1.81556e+06
53	1.76696e+06
54	1.70525e+06
55	1.63126e+06
56	1.54605e+06
57	1.45093e+06
58	1.34747e+06
59	1.23744e+06
60	1.12284e+06
61	1.00585e+06
62	888781
63	774092
64	664307
65	561992
66	469714
67	389986
68	325227
69	277707
70	249505
71	242455
72	258103
73	297668
74	361995
75	451526
76	566272
77	705785
78	869147
79	1.05496e+06
80	1.26135e+06
81	1.48596e+06
82	1.72601e+06
83	1.97826e+06
84	2.23911e+06
85	2.50461e+06
86	2.77051e+06
87	3.03235e+06
88	3.28552e+06
89	3.52532e+06
90	3.74708e+06
91	3.9462e+06
92	4.1183e+06
93	4.25926e+06
94	4.36535e+06
95	4.43334e+06
96	4.46056e+06
97	4.44499e+06
98	4.38537e+06
99	4.2813e+06
Starting Listening.
start freq: 4550
end freq: 4650
bandwidth: 30
center_freq_khz: 4600
span_khz: 100
0	1.10684e+06
1	1.10032e+06
2	1.08315e+06
3	1.05568e+06
4	1.01842e+06
5	972082
6	917582
7	855985
8	788510
9	716506
10	641430
11	564817
12	488262
13	413384
14	341803
15	275110
16	214835
17	162426
18	119215
19	86400.6
20	65016.3
21	55916.6
22	59755.9
23	76974.8
24	107788
25	152178
26	209889
27	280429
28	363070
29	456862
30	560638
31	673034
32	792505
33	917350
34	1.04573e+06
35	1.17572e+06
36	1.30529e+06
37	1.43239e+06
38	1.55496e+06
39	1.67096e+06
40	1.7784e+06
41	1.8754e+06
42	1.96021e+06
43	2.03123e+06
44	2.08706e+06
45	2.12651e+06
46	2.14866e+06
47	2.15283e+06
48	2.13866e+06
49	2.10608e+06
50	2.05535e+06
51	1.98702e+06
52	1.90202e+06
53	1.80155e+06
54	1.68715e+06
55	1.56065e+06
56	1.42417e+06
57	1.28007e+06
58	1.13094e+06
59	979566
60	828882
61	681927
62	541805
63	411632
64	294483
65	193343
66	111046
67	50226.6
68	13264.9
69	2234.9
70	18855.9
71	64448
72	139892
73	245595
74	381462
75	546873
76	740674
77	961170
78	1.20613e+06
79	1.4728e+06
80	1.75792e+06
81	2.05778e+06
82	2.36824e+06
83	2.6848e+06
84	3.00262e+06
85	3.31666e+06
86	3.62171e+06
87	3.91247e+06
88	4.18369e+06
89	4.43019e+06
90	4.64705e+06
91	4.82961e+06
92	4.97368e+06
93	5.07555e+06
94	5.13213e+06
95	5.14106e+06
96	5.10074e+06
97	5.01049e+06
98	4.87054e+06
99	4.68216e+06
Starting Listening.
start freq: 4750
end freq: 4850
bandwidth: 30
center_freq_khz: 4800
span_khz: 100
0	1.97955e+06
1	1.96692e+06
2	1.93352e+06
3	1.88005e+06
4	1.8076e+06
5	1.71769e+06
6	1.61219e+06
7	1.4933e+06
8	1.36352e+06
9	1.22559e+06
10	1.08244e+06
11	937123
12	792787
13	652574
14	519585
15	396807
16	287058
17	192930
18	116734
19	60451.3
20	25695.5
21	13672.7
22	25155.2
23	60460.7
24	119441
25	201478
26	305490
27	429948
28	572895
29	731983
30	904509
31	1.08746e+06
32	1.27758e+06
33	1.47141e+06
34	1.66536e+06
35	1.85578e+06
36	2.03903e+06
37	2.21154e+06
38	2.3699e+06
39	2.51089e+06
40	2.6316e+06
41	2.72946e+06
42	2.8023e+06
43	2.84838e+06
44	2.8665e+06
45	2.85596e+06
46	2.81661e+06
47	2.7489e+06
48	2.65383e+06
49	2.53299e+06
50	2.38853e+06
51	2.22312e+06
52	2.03992e+06
53	1.84256e+06
54	1.63505e+06
55	1.42173e+06
56	1.20719e+06
57	996223
58	793686
59	604461
60	433348
61	284969
62	163686
63	73509
64	18012.6
65	257.702
66	22719.1
67	87222.4
68	194889
69	346096
70	540439
71	776719
72	1.05294e+06
73	1.3663e+06
74	1.71324e+06
75	2.08946e+06
76	2.48998e+06
77	2.90921e+06
78	3.34101e+06
79	3.77878e+06
80	4.21559e+06
81	4.64426e+06
82	5.05748e+06
83	5.44797e+06
84	5.80855e+06
85	6.13232e+06
86	6.41279e+06
87	6.644e+06
88	6.82063e+06
89	6.93817e+06
90	6.99302e+06
91	6.98258e+06
92	6.90536e+06
93	6.76107e+06
94	6.55069e+06
95	6.27651e+06
96	5.94218e+06
97	5.55272e+06
98	5.11454e+06
99	4.63537e+06
Starting Listening.
start freq: 4950
end freq: 5050
bandwidth: 30
center_freq_khz: 5000
span_khz: 100
0	3.35664e+06
1	3.34524e+06
2	3.30398e+06
3	3.23357e+06
4	3.13529e+06
5	3.01089e+06
6	2.8626e+06
7	2.69307e+06
8	2.50534e+06
9	2.30277e+06
10	2.08899e+06
11	1.86785e+06
12	1.64331e+06
13	1.4194e+06
14	1.20014e+06
15	989474
16	791189
17	608846
18	445718
19	304734
20	188415
21	98834.9
22	37577.9
23	5706.29
24	3740.81
25	31647.6
26	88836.3
27	174168
28	285974
29	422081
30	579854
31	756233
32	947798
33	1.15082e+06
34	1.36134e+06
35	1.57523e+06
36	1.78827e+06
37	1.99623e+06
38	2.19498e+06
39	2.38049e+06
40	2.549e+06
41	2.69705e+06
42	2.82152e+06
43	2.91976e+06
44	2.98961e+06
45	3.02944e+06
46	3.03823e+06
47	3.01554e+06
48	2.96158e+06
49	2.87722e+06
50	2.76391e+06
51	2.62379e+06
52	2.45953e+06
53	2.27439e+06
54	2.07211e+06
55	1.8569e+06
56	1.63332e+06
57	1.40623e+06
58	1.1807e+06
59	961925
60	755111
61	565401
62	397763
63	256893
64	147123
65	72329.8
66	35847.3
67	40391.7
68	87992.3
69	179934
70	316713
71	498001
72	722628
73	988580
74	1.29301e+06
75	1.63224e+06
76	2.00186e+06
77	2.39673e+06
78	2.81104e+06
79	3.23847e+06
80	3.6722e+06
81	4.10508e+06
82	4.5297e+06
83	4.93857e+06
84	5.32419e+06
85	5.67923e+06
86	5.99668e+06
87	6.26995e+06
88	6.49302e+06
89	6.6606e+06
90	6.76825e+06
91	6.81245e+06
92	6.79079e+06
93	6.70202e+06
94	6.54611e+06
95	6.3244e+06
96	6.03955e+06
97	5.69564e+06
98	5.29816e+06
99	4.854e+06
Starting Listening.
start freq: 5150
end freq: 5250
bandwidth: 30
center_freq_khz: 5200
span_khz: 100
0	5.12645e+06
1	5.10327e+06
2	5.03661e+06
3	4.92764e+06
4	4.77824e+06
5	4.59099e+06
6	4.36915e+06
7	4.11656e+06
8	3.8376e+06
9	3.53709e+06
10	3.22026e+06
11	2.89258e+06
12	2.55973e+06
13	2.22748e+06
14	1.90155e+06
15	1.58759e+06
16	1.291e+06
17	1.01688e+06
18	769940
19	554390
20	373885
21	231459
22	129461
23	69522.2
24	52517.7
25	78554.7
26	146967
27	256326
28	404462
29	588505
30	804932
31	1.04963e+06
32	1.31796e+06
33	1.60484e+06
34	1.90487e+06
35	2.21237e+06
36	2.52151e+06
37	2.82644e+06
38	3.12134e+06
39	3.40057e+06
40	3.65878e+06
41	3.89096e+06
42	4.09259e+06
43	4.25969e+06
44	4.38891e+06
45	4.47759e+06
46	4.52384e+06
47	4.52653e+06
48	4.48539e+06
49	4.40096e+06
50	4.2746e+06
51	4.10853e+06
52	3.90573e+06
53	3.66992e+06
54	3.40552e+06
55	3.11755e+06
56	2.81156e+06
57	2.49354e+06
58	2.16981e+06
59	1.84691e+06
60	1.53148e+06
61	1.23015e+06
62	949422
63	695516
64	474296
65	291128
66	150781
67	57330.2
68	14063.1
69	23409
70	86874.2
71	204995
72	377307
73	602329
74	877571
75	1.19955e+06
76	1.56383e+06
77	1.96509e+06
78	2.39717e+06
79	2.85319e+06
80	3.32566e+06
81	3.80655e+06
82	4.28749e+06
83	4.75985e+06
84	5.21493e+06
85	5.6441e+06
86	6.03896e+06
87	6.39152e+06
88	6.69434e+06
89	6.94066e+06
90	7.12463e+06
91	7.24137e+06
92	7.28715e+06
93	7.25948e+06
94	7.15724e+06
95	6.98074e+06
96	6.73177e+06
97	6.41371e+06
98	6.03147e+06
99	5.59155e+06
Starting Listening.
start freq: 5350
end freq: 5450
bandwidth: 30
center_freq_khz: 5400
span_khz: 100
0	9621.81
1	9261.96
2	8777.44
3	8182.16
4	7492.09
5	6725.51
6	5903.59
7	5051.07
8	4197.13
9	3376.38
10	2629.78
11	2005.64
12	1560.41
13	1359.3
14	1476.71
15	1996.29
16	3010.59
17	4620.32
18	6933.15
19	10062
20	14122.7
21	19231.4
22	25501.5
23	33039.5
24	41941.6
25	52289.2
26	64144.2
27	77545
28	92501.5
29	108991
30	126956
31	146298
32	166876
33	188507
34	210962
35	233969
36	257215
37	280344
38	302971
39	324678
40	345028
41	363572
42	379859
43	393447
44	403916
45	410882
46	414008
47	413020
48	407721
49	398001
50	383854
51	365386
52	342824
53	316524
54	286979
55	254814
56	220794
57	185813
58	150890
59	117155
60	85840.1
61	58254.1
62	35765.9
63	19778.1
64	11699.3
65	12914.4
66	24752.8
67	48454.2
68	85135.2
69	135755
70	201081
71	281658
72	377777
73	489449
74	616384
75	757968
76	913255
77	1.08096e+06
78	1.25945e+06
79	1.44676e+06
80	1.64061e+06
81	1.83841e+06
82	2.03732e+06
83	2.23424e+06
84	2.42592e+06
85	2.60894e+06
86	2.77982e+06
87	2.93508e+06
88	3.07129e+06
89	3.18515e+06
90	3.27359e+06
91	3.33383e+06
92	3.36349e+06
93	3.36062e+06
94	3.32383e+06
95	3.25236e+06
96	3.14614e+06
97	3.00587e+06
98	2.83307e+06
99	2.63013e+06
Starting Listening.
start freq: 5550
end freq: 5650
bandwidth: 30
center_freq_khz: 5600
span_khz: 100
0	186455
1	185627
2	182950
3	178465
4	172252
5	164430
6	155155
7	144621
8	133056
9	120725
10	107923
11	94973.4
12	82224.5
13	70044.9
14	58817.9
15	48935.6
16	40792.2
17	34777.5
18	31268.3
19	30621.6
20	33165.4
21	39191.5
22	48946.8
23	62625.7
24	80362.7
25	102226
26	128212
27	158240
28	192148
29	229692
30	270546
31	314301
32	360466
33	408479
34	457707
35	507456
36	556981
37	605497
38	652194
39	696248
40	736837
41	773160
42	804452
43	829999
44	849161
45	861385
46	866223
47	863346
48	852561
49	833823
50	807242
51	773097
52	731838
53	684089
54	630649
55	572490
56	510746
57	446706
58	381799
59	317577
60	255694
61	197882
62	145924
63	101627
64	66786
65	43153
66	32401.7
67	36091.2
68	55630
69	92240.2
70	146923
71	220425
72	313210
73	425428
74	556895
75	707074
76	875058
77	1.05957e+06
78	1.25894e+06
79	1.47116e+06
80	1.69383e+06
81	1.92421e+06
82	2.15929e+06
83	2.39573e+06
84	2.63e+06
85	2.85835e+06
86	3.07694e+06
87	3.28185e+06
88	3.46916e+06
89	3.63505e+06
90	3.77584e+06
91	3.88813e+06
92	3.9688e+06
93	4.01518e+06
94	4.02509e+06
95	3.99691e+06
96	3.9297e+06
97	3.82324e+06
98	3.67813e+06
99	3.49581e+06
Starting Listening.
start freq: 5750
end freq: 5850
bandwidth: 30
center_freq_khz: 5800
span_khz: 100
0	7049.3
1	7127.68
2	9180.97
3	13146
4	18896.8
5	26248.3
6	34961.1
7	44748.6
8	55285.8
9	66218.3
10	77173.9
11	87773.7
12	97644.5
13	106431
14	113808
15	119491
16	123249
17	124910
18	124373
19	121613
20	116680
21	109710
22	100915
23	90585.2
24	79082.9
25	66833
26	54313.8
27	42044.5
28	30571.9
29	20454.2
30	12245.4
31	6477.8
32	3645.37
33	4186.62
34	8468.91
35	16773.9
36	29284.5
37	46075
38	67102.4
39	92202
40	121086
41	153343
42	188449
43	225768
44	264571
45	304051
46	343336
47	381516
48	417667
49	450869
50	480241
51	504961
52	524296
53	537624
54	544462
55	544484
56	537542
57	523678
58	503136
59	476369
60	444038
61	407011
62	366350
63	323299
64	279263
65	235784
66	194508
67	157154
68	125478
69	101229
70	86106.4
71	81720.7
72	89544.8
73	110873
74	146777
75	198070
76	265269
77	348562
78	447788
79	562409
80	691510
81	833781
82	987533
83	1.1507e+06
84	1.32087e+06
85	1.49532e+06
86	1.67101e+06
87	1.84471e+06
88	2.013e+06
89	2.17233e+06
90	2.31914e+06
91	2.44988e+06
92	2.56114e+06
93	2.64971e+06
94	2.71268e+06
95	2.74752e+06
96	2.75221e+06
97	2.72528e+06
98	2.66593e+06
99	2.5741e+06
Starting Listening.
start freq: 5950
end freq: 6050
bandwidth: 30
center_freq_khz: 6000
span_khz: 100
0	1.71701e+06
1	1.71456e+06
2	1.70346e+06
3	1.68382e+06
4	1.6558e+06
5	1.61967e+06
6	1.57577e+06
7	1.52454e+06
8	1.46646e+06
9	1.40215e+06
10	1.33225e+06
11	1.25751e+06
12	1.17875e+06
13	1.09685e+06
14	1.01275e+06
15	927443
16	841987
17	757464
18	674987
19	595684
20	520689
21	451122
22	388076
23	332604
24	285698
25	248274
26	221156
27	205055
28	200558
29	208111
30	228000
31	260347
32	305093
33	361990
34	430599
35	510286
36	600222
37	699387
38	806576
39	920415
40	1.03937e+06
41	1.16177e+06
42	1.28583e+06
43	1.40966e+06
44	1.53133e+06
45	1.64886e+06
46	1.76027e+06
47	1.86362e+06
48	1.95703e+06
49	2.03876e+06
50	2.10717e+06
51	2.16081e+06
52	2.19847e+06
53	2.21914e+06
54	2.2221e+06
55	2.20693e+06
56	2.17353e+06
57	2.1221e+06
58	2.0532e+06
59	1.96775e+06
60	1.86697e+06
61	1.75244e+06
62	1.62605e+06
63	1.48998e+06
64	1.34668e+06
65	1.1988e+06
66	1.04923e+06
67	900951
68	757059
69	620676
70	494905
71	382762
72	287118
73	210637
74	155721
75	124443
76	118503
77	139175
78	187263
79	263071
80	366368
81	496378
82	651764
83	830635
84	1.03056e+06
85	1.24858e+06
86	1.48126e+06
87	1.72474e+06
88	1.97475e+06
89	2.22674e+06
90	2.4759e+06
91	2.7173e+06
92	2.94593e+06
93	3.15684e+06
94	3.34524e+06
95	3.50659e+06
96	3.63673e+06
97	3.73198e+06
98	3.78925e+06
99	3.80618e+06
Starting Listening.
start freq: 6150
end freq: 6250
bandwidth: 30
center_freq_khz: 6200
span_khz: 100
0	5.28827e+06
1	5.28189e+06
2	5.26675e+06
3	5.24295e+06
4	5.21066e+06
5	5.17009e+06
6	5.12147e+06
7	5.06507e+06
8	5.00123e+06
9	4.93028e+06
10	4.85261e+06
11	4.76864e+06
12	4.67882e+06
13	4.58364e+06
14	4.4836e+06
15	4.37923e+06
16	4.2711e+06
17	4.15977e+06
18	4.04586e+06
19	3.92995e+06
20	3.81266e+06
21	3.69462e+06
22	3.57643e+06
23	3.4587e+06
24	3.34202e+06
25	3.22698e+06
26	3.11413e+06
27	3.004e+06
28	2.89708e+06
29	2.79383e+06
30	2.69466e+06
31	2.59995e+06
32	2.51003e+06
33	2.42516e+06
34	2.34559e+06
35	2.27149e+06
36	2.20301e+06
37	2.14022e+06
38	2.08319e+06
39	2.03194e+06
40	1.98645e+06
41	1.94672e+06
42	1.9127e+06
43	1.88435e+06
44	1.86166e+06
45	1.84461e+06
46	1.83323e+06
47	1.82759e+06
48	1.8278e+06
49	1.83405e+06
50	1.84659e+06
51	1.86575e+06
52	1.89195e+06
53	1.92569e+06
54	1.96757e+06
55	2.01827e+06
56	2.07857e+06
57	2.14931e+06
58	2.23142e+06
59	2.32588e+06
60	2.43371e+06
61	2.55597e+06
62	2.69371e+06
63	2.84796e+06
64	3.0197e+06
65	3.20984e+06
66	3.41918e+06
67	3.64839e+06
68	3.89796e+06
69	4.16818e+06
70	4.4591e+06
71	4.77053e+06
72	5.10196e+06
73	5.45259e+06
74	5.82126e+06
75	6.20647e+06
76	6.60635e+06
77	7.01866e+06
78	7.44079e+06
79	7.86975e+06
80	8.30221e+06
81	8.73451e+06
82	9.16266e+06
83	9.58243e+06
84	9.98935e+06
85	1.03788e+07
86	1.07459e+07
87	1.1086e+07
88	1.13942e+07
89	1.16657e+07
90	1.18959e+07
91	1.20806e+07
92	1.22157e+07
93	1.22976e+07
94	1.23231e+07
95	1.22897e+07
96	1.21953e+07
97	1.20388e+07
98	1.18197e+07
99	1.15383e+07
Starting Listening.
start freq: 6350
end freq: 6450
bandwidth: 30
center_freq_khz: 6400
span_khz: 100
0	247224
1	245955
2	241659
3	234438
4	224465
5	211977
6	197270
7	180700
8	162670
9	143627
10	124052
11	104455
12	85363.3
13	67314.1
14	50843.1
15	36475.9
16	24717.8
17	16044.5
18	10892.2
19	9649.01
20	12646
21	20149.8
22	32355.5
23	49380.9
24	71261.2
25	97945.7
26	129295
27	165082
28	204987
29	248608
30	295457
31	344969
32	396506
33	449369
34	502804
35	556015
36	608174
37	658438
38	705961
39	749908
40	789472
41	823889
42	852455
43	874541
44	889608
45	897219
46	897057
47	888933
48	872797
49	848747
50	817035
51	778069
52	732415
53	680797
54	624088
55	563307
56	499606
57	434255
58	368628
59	304181
60	242432
61	184935
62	133253
63	88931.1
64	53465.4
65	28273
66	14661
67	13795.7
68	26672.4
69	54087
70	96609.1
71	154558
72	227983
73	316643
74	419998
75	537198
76	667083
77	808184
78	958734
79	1.11668e+06
80	1.27972e+06
81	1.44529e+06
82	1.61067e+06
83	1.77295e+06
84	1.92912e+06
85	2.07611e+06
86	2.21087e+06
87	2.33038e+06
88	2.43177e+06
89	2.51237e+06
90	2.56975e+06
91	2.60183e+06
92	2.60695e+06
93	2.5839e+06
94	2.53202e+06
95	2.45126e+06
96	2.34222e+06
97	2.20621e+06
98	2.04529e+06
99	1.86231e+06
Starting Listening.
start freq: 6550
end freq: 6650
bandwidth: 30
center_freq_khz: 6600
span_khz: 100
0	2.53353e+06
1	2.51986e+06
2	2.48471e+06
3	2.42871e+06
4	2.35283e+06
5	2.25839e+06
6	2.14703e+06
7	2.0207e+06
8	1.8816e+06
9	1.73216e+06
10	1.57499e+06
11	1.41284e+06
12	1.24857e+06
13	1.08508e+06
14	925254
15	771940
16	627883
17	495681
18	377739
19	276234
20	193069
21	129845
22	87828.6
23	67932.8
24	70695.8
25	96270.9
26	144422
27	214523
28	305568
29	416185
30	544654
31	688934
32	846700
33	1.01537e+06
34	1.19216e+06
35	1.37411e+06
36	1.55815e+06
37	1.74116e+06
38	1.91998e+06
39	2.09151e+06
40	2.25274e+06
41	2.40081e+06
42	2.53306e+06
43	2.64708e+06
44	2.74075e+06
45	2.81229e+06
46	2.86027e+06
47	2.88369e+06
48	2.88196e+06
49	2.85493e+06
50	2.80292e+06
51	2.72669e+06
52	2.62746e+06
53	2.50691e+06
54	2.3671e+06
55	2.21054e+06
56	2.04006e+06
57	1.85882e+06
58	1.67026e+06
59	1.47805e+06
60	1.28599e+06
61	1.098e+06
62	918044
63	750028
64	597767
65	464900
66	354822
67	270622
68	215012
69	190275
70	198208
71	240074
72	316566
73	427771
74	573153
75	751538
76	961116
77	1.19944e+06
78	1.46348e+06
79	1.74959e+06
80	2.05362e+06
81	2.37095e+06
82	2.69652e+06
83	3.02495e+06
84	3.35062e+06
85	3.66771e+06
86	3.97037e+06
87	4.25279e+06
88	4.5093e+06
89	4.73451e+06
90	4.92341e+06
91	5.07146e+06
92	5.17476e+06
93	5.23008e+06
94	5.23502e+06
95	5.1881e+06
96	5.08881e+06
97	4.93769e+06
98	4.73641e+06
99	4.48783e+06
Starting Listening.
start freq: 6750
end freq: 6850
bandwidth: 30
center_freq_khz: 6800
span_khz: 100
0	2.74172e+06
1	2.73331e+06
2	2.7063e+06
3	2.66106e+06
4	2.59823e+06
5	2.51869e+06
6	2.42355e+06
7	2.31418e+06
8	2.19213e+06
9	2.05915e+06
10	1.91715e+06
11	1.76817e+06
12	1.61437e+06
13	1.45798e+06
14	1.30126e+06
15	1.14649e+06
16	995937
17	851805
18	716208
19	591143
20	478457
21	379821
22	296701
23	230340
24	181734
25	151621
26	140466
27	148450
28	175474
29	221150
30	284815
31	365530
32	462100
33	573091
34	696843
35	831505
36	975051
37	1.12532e+06
38	1.28004e+06
39	1.43687e+06
40	1.59342e+06
41	1.74732e+06
42	1.8962e+06
43	2.0378e+06
44	2.16993e+06
45	2.29056e+06
46	2.39784e+06
47	2.49009e+06
48	2.56589e+06
49	2.62405e+06
50	2.66368e+06
51	2.68413e+06
52	2.68511e+06
53	2.6666e+06
54	2.62889e+06
55	2.5726e+06
56	2.49865e+06
57	2.40824e+06
58	2.30285e+06
59	2.18424e+06
60	2.05437e+06
61	1.91543e+06
62	1.76979e+06
63	1.61993e+06
64	1.46847e+06
65	1.31808e+06
66	1.17145e+06
67	1.03126e+06
68	900136
69	780591
70	675003
71	585565
72	514249
73	462770
74	432553
75	424704
76	439985
77	478796
78	541154
79	626687
80	734632
81	863832
82	1.01275e+06
83	1.17946e+06
84	1.36172e+06
85	1.55695e+06
86	1.76226e+06
87	1.97455e+06
88	2.19048e+06
89	2.40656e+06
90	2.6192e+06
91	2.82477e+06
92	3.01964e+06
93	3.20028e+06
94	3.36328e+06
95	3.50545e+06
96	3.62388e+06
97	3.71599e+06
98	3.77961e+06
99	3.81304e+06
Starting Listening.
start freq: 6950
end freq: 7050
bandwidth: 30
center_freq_khz: 7000
span_khz: 100
0	75564.7
1	75785.7
2	76798
3	78571.5
4	81061.8
5	84211.3
6	87951.9
7	92206.9
8	96893.9
9	101927
10	107222
11	112694
12	118266
13	123870
14	129445
15	134947
16	140343
17	145619
18	150775
19	155830
20	160822
21	165802
22	170840
23	176019
24	181433
25	187186
26	193387
27	200149
28	207580
29	215784
30	224854
31	234866
32	245879
33	257925
34	271009
35	285102
36	300141
37	316026
38	332615
39	349728
40	367144
41	384604
42	401815
43	418449
44	434157
45	448565
46	461292
47	471953
48	480169
49	485581
50	487861
51	486720
52	481926
53	473312
54	460788
55	444355
56	424111
57	400260
58	373119
59	343125
60	310831
61	276912
62	242155
63	207457
64	173813
65	142306
66	114086
67	90355.4
68	72345.4
69	61291.9
70	58409.2
71	64861.9
72	81735.6
73	110007
74	150514
75	203926
76	270718
77	351141
78	445204
79	552650
80	672944
81	805260
82	948481
83	1.10119e+06
84	1.26169e+06
85	1.42801e+06
86	1.59792e+06
87	1.76896e+06
88	1.9385e+06
89	2.10373e+06
90	2.26175e+06
91	2.4096e+06
92	2.54432e+06
93	2.66302e+06
94	2.76291e+06
95	2.84143e+06
96	2.89624e+06
97	2.92535e+06
98	2.92716e+06
99	2.9005e+06
Starting Listening.
start freq: 7150
end freq: 7250
bandwidth: 30
center_freq_khz: 7200
span_khz: 100
0	222432
1	222459
2	225056
3	230153
4	237621
5	247272
6	258873
7	272144
8	286772
9	302418
10	318730
11	335349
12	351923
13	368116
14	383621
15	398164
16	411520
17	423515
18	434036
19	443034
20	450526
21	456602
22	461417
23	465195
24	468222
25	470844
26	473453
27	476484
28	480402
29	485692
30	492846
31	502346
32	514659
33	530214
34	549396
35	572528
36	599859
37	631559
38	667701
39	708259
40	753100
41	801978
42	854537
43	910309
44	968720
45	1.02909e+06
46	1.09065e+06
47	1.15256e+06
48	1.21389e+06
49	1.27367e+06
50	1.33091e+06
51	1.38459e+06
52	1.43372e+06
53	1.47731e+06
54	1.51446e+06
55	1.54433e+06
56	1.56617e+06
57	1.57939e+06
58	1.58351e+06
59	1.57824e+06
60	1.56345e+06
61	1.53921e+06
62	1.50581e+06
63	1.46374e+06
64	1.4137e+06
65	1.35662e+06
66	1.29362e+06
67	1.22603e+06
68	1.15536e+06
69	1.08328e+06
70	1.01158e+06
71	942186
72	877086
73	818308
74	767880
75	727795
76	699958
77	686152
78	687992
79	706880
80	743971
81	800130
82	875905
83	971490
84	1.08671e+06
85	1.22099e+06
86	1.37338e+06
87	1.54248e+06
88	1.72653e+06
89	1.92337e+06
90	2.13047e+06
91	2.34494e+06
92	2.56363e+06
93	2.78309e+06
94	2.99969e+06
95	3.20964e+06
96	3.40906e+06
97	3.59407e+06
98	3.76083e+06
99	3.90566e+06
Starting Listening.
start freq: 7350
end freq: 7450
bandwidth: 30
center_freq_khz: 7400
span_khz: 100
0	167925
1	170171
2	174524
3	180850
4	188976
5	198697
6	209783
7	221984
8	235040
9	248682
10	262650
11	276686
12	290552
13	304029
14	316924
15	329072
16	340344
17	350643
18	359909
19	368120
20	375289
21	381464
22	386727
23	391191
24	394994
25	398299
26	401288
27	404157
28	407112
29	410362
30	414116
31	418577
32	423935
33	430365
34	438017
35	447016
36	457455
37	469392
38	482844
39	497789
40	514157
41	531836
42	550667
43	570445
44	590924
45	611816
46	632800
47	653524
48	673612
49	692678
50	710326
51	726171
52	739844
53	751005
54	759358
55	764662
56	766748
57	765523
58	760991
59	753257
60	742536
61	729163
62	713593
63	696403
64	678292
65	660074
66	642668
67	627089
68	614428
69	605836
70	602499
71	605613
72	616356
73	635856
74	665164
75	705214
76	756798
77	820529
78	896815
79	985827
80	1.08748e+06
81	1.20141e+06
82	1.32695e+06
83	1.46315e+06
84	1.60874e+06
85	1.76216e+06
86	1.92153e+06
87	2.08474e+06
88	2.24941e+06
89	2.41295e+06
90	2.57259e+06
91	2.72547e+06
92	2.86863e+06
93	2.9991e+06
94	3.11399e+06
95	3.21052e+06
96	3.2861e+06
97	3.33841e+06
98	3.36547e+06
99	3.36571e+06
Starting Listening.
start freq: 7550
end freq: 7650
bandwidth: 30
center_freq_khz: 7600
span_khz: 100
0	45035.4
1	51898.2
2	71879.8
3	104533
4	149128
5	204669
6	269918
7	343420
8	423537
9	508486
10	596375
11	685248
12	773128
13	858062
14	938162
15	1.01165e+06
16	1.07689e+06
17	1.13243e+06
18	1.17705e+06
19	1.20976e+06
20	1.22982e+06
21	1.23681e+06
22	1.23057e+06
23	1.21125e+06
24	1.17929e+06
25	1.1354e+06
26	1.08059e+06
27	1.01609e+06
28	943363
29	864059
30	779986
31	693063
32	605287
33	518685
34	435271
35	357002
36	285734
37	223182
38	170881
39	130149
40	102059
41	87411.2
42	86711.3
43	100158
44	127634
45	168704
46	222618
47	288325
48	364493
49	449528
50	541608
51	638719
52	738696
53	839265
54	938096
55	1.03285e+06
56	1.12123e+06
57	1.20105e+06
58	1.27025e+06
59	1.32699e+06
60	1.36968e+06
61	1.39701e+06
62	1.408e+06
63	1.40207e+06
64	1.37899e+06
65	1.33899e+06
66	1.28268e+06
67	1.21114e+06
68	1.12586e+06
69	1.02874e+06
70	922070
71	808494
72	690972
73	572725
74	457183
75	347916
76	248568
77	162783
78	94122
79	45992.2
80	21561.2
81	23682.1
82	54817.4
83	116970
84	211618
85	339659
86	501366
87	696346
88	923522
89	1.18112e+06
90	1.46665e+06
91	1.77698e+06
92	2.1083e+06
93	2.4562e+06
94	2.81572e+06
95	3.18144e+06
96	3.54754e+06
97	3.90791e+06
98	4.25627e+06
99	4.58625e+06
Starting Listening.
start freq: 7750
end freq: 7850
bandwidth: 30
center_freq_khz: 7800
span_khz: 100
0	13636.7
1	20600.6
2	39651.7
3	70343.8
4	111974
5	163597
6	224052
7	291981
8	365867
9	444064
10	524834
11	606387
12	686920
13	764657
14	837890
15	905016
16	964571
17	1.01527e+06
18	1.05601e+06
19	1.08595e+06
20	1.10446e+06
21	1.11119e+06
22	1.10604e+06
23	1.0892e+06
24	1.06112e+06
25	1.02249e+06
26	974263
27	917608
28	853886
29	784627
30	711493
31	636240
32	560684
33	486656
34	415960
35	350338
36	291424
37	240707
38	199500
39	168903
40	149779
41	142732
42	148085
43	165876
44	195848
45	237451
46	289852
47	351948
48	422384
49	499586
50	581785
51	667059
52	753372
53	838621
54	920680
55	997451
56	1.06691e+06
57	1.12717e+06
58	1.17651e+06
59	1.21344e+06
60	1.23671e+06
61	1.24541e+06
62	1.23894e+06
63	1.21706e+06
64	1.17993e+06
65	1.12811e+06
66	1.06254e+06
67	984568
68	895942
69	798763
70	695470
71	588808
72	481772
73	377565
74	279533
75	191101
76	115711
77	56741.1
78	17439.6
79	846.12
80	9719.78
81	46468
82	113079
83	211060
84	341382
85	504432
86	699977
87	927133
88	1.18436e+06
89	1.46943e+06
90	1.77948e+06
91	2.111e+06
92	2.45987e+06
93	2.82145e+06
94	3.19059e+06
95	3.56172e+06
96	3.92896e+06
97	4.28621e+06
98	4.62722e+06
99	4.94576e+06
